15330397     25753
40372444     24207
3279691      23364
110581771    22564
2717587      19661
108461135    18730
51381793     17871
100521298    17628
39969887     16528
17562481     15362
31246831     14758
116648201    14115
121526027    13907
44763131     13901
32920426     13555
57882873     13310
27317801     13057
50325088     12605
28165193     12459
110507614    12393
57523557     12391
33466447     12070
34352800     11801
135338118    11722
44766884     11659
32363170     11653
139798426    11624
3285586      11520
57357240     11512
118992774    11480